0111000
11111110
10101010
10110010
01110111
0110010101011001000001000




11000101 00110000 11100100 00011110 

11001111 10100000 11000001 11011010 

11000110 00100011 00100110 00011100 

10011100 10101110 01111100 10100010 

11011010 00110010 10011100 00001000 

01001000 01101001 11100101 10101101



01111110 10000000 00111000 01011001 
10000111 11001101 00101001 01011111 
01000111 11111001 11011010 11111111 
11111001 01001011 11100010 10100011 
00101001 11000000 10011010 10011110 
10000010 01010010 11111000 10101001 
10101001 11101000 00011100 00011001 
10100001 10001100 10100111 00000001 
10000111 11001101 00101010 01101010 
01111010 00001000 11001010 01110000 
00011111 00101000 10110110 10010000 
10001001 01010100 10000100 01001010 
10100011 00101001 11000000 10011010 
10011110 10000010 00110011 01001010 
01001000 01000111 10011101 11101000 
10010100 01101101 10000100 01111001 
11011110 10001010 11010111 11101001 
00001101 00101001 00011100 00100010 
01010100 11000100 10011100 11001010 
00110010 11110101 00100010 01100000 
00000011 11110100 10001100 11010011 
10000000 11000001 00001100 01000000 
00110000 01110001 00000010 01000000 
11011101 00011010 10000011 11010001 
11100010 10000000 00110010 10001000 
11000010 01010011 01000001 00001101 
00101101 11111011 00100010 10101111 

